$ANSIBLE_VAULT;1.1;AES256
66326361333332343235336236623831373330376162356635303666363062663730303132316637
6366633537343337323030613466346465316236363436630a666362353638633365303038326463
37356565663164383733316266343238326635343664613631326461353537633830616536313563
3965623162623332640a623134646563303166653164333461313233626466343432613864356161
37303737386131323762383330386237656436313230346135313230366262623834363736393333
32303163323464323731353565653663663538396634363866663239633030623935353830366566
35663131316634653564363239643633393631353633626265363337333162313361306636626230
65363630626237623338313436366363613536313939316131333366653935643663323038636134
66616365306633333730316337346439303631383537643234336561393163363236386361366538
33313465656432643235666365643134643133643636326330383366626237613339653465353931
38396234616563303062306539323633633237623634623138396533383362383338353632356132
37633033376535306636613831316162343636646430623335316230363430623331346632393462
61393830623962663835653966316566633062343035363635386334356462386238313830646462
39303162343237356337333537636531663933613333356362393063356537386363346338656431
30623030306130373239336234373638346264343238326132303836306236363634333666616566
62333362303161356563653235613735653664666263643262323130383233346563303338396430
64663462613064343765656165373535306630393236663135316539613166656233633861393661
38626231623966326234616531633261333265646333663662653861393864326163386564303565
37363562663865323330316362343933623838316331616263373965366361643639313533623932
61336537333735363538343334646130373336353565353964393138613430343732646634333138
39626665393933336564333662386565313330656562383461653235353566313661396232353239
39386335386435663530383531313531653437323561373964376463373532386232363631323462
30663838613265333733646637626364303037326464336639303833323838616436636439626237
31633835363464366563306630666233323931613830393839356333623065366232633937316166
34633334363063643833306632333864336566393235386666653464303431306537623262383264
34646139616538653034663662336464343862623236616432373865383865643261383965356265
64326363326638306639303666346337663736343437333035613336663438626438393038366365
65313932396231373430663664373338306535396137326663386638363766343737623334386534
35623534316465323739653433383738343132613235323333643831656437623662653536633631
39306632373737336530316533363864623534663531393765613134653132353933623836656639
63386336336131316634373438656337626539383733613163303234343066346630383561363262
36313634373739643731393765383734616161643438663037636431393730333039376462626232
36633866383235393431346234613632366333386538353666323638626162373137393937643433
66353337663437346636646664386365666133393231663764373362656535393936353730666361
63666435306335333136623761336464613934343063313133313031393366373935643064356361
63326634336566373363626663316133303665366138666366356361623066636436376635633466
31303232353933653066373138663463393132666361306637333338366338343265656236303365
64646632346235303739643864393639303239363134373439313464633435383931616533303233
63666339633739383166373337336335306338353131396465356537366362393538623964353664
65623635303131346633366565646462643336666138653038623963633139393838396563386563
34376639333563636364633036306563383039363861393131656662643432653036303434373533
31386663613564326365343034373030356231373664626230326665363562656338326339366135
33346336646166326531323037383737623861393865343664333831346434636435383837633632
65326133323765613932383931653139623630393438653630376465353435623831623962323064
30336633353266643732333233383538653031356531313738333334326666623265313665646665
39636536313162393362663932383433393037366432626165363762353962306239376637336366
38353738316539396334323031303164643863373636613662333439616435323631323536313739
65646431633337313766633964343735313266336533353164653537383361393532333762613137
62323431656239386632613234363533663335356164313832626263343438373634373933656631
65353738626538313034343762653365623963393439303733383135616534633131376664643862
62386636326361353564353964663461303334343766656232333861663533393939656665303431
64623633303435353934353936356538626638333031383537313762376366306362633433303435
64393139663536343563663738623733396238313639323666613039373566336161643336613231
36356139633435626634366633313838316463303666626539356632663631313363643565386135
31363737616632376662663665386132396639643930373938653631316439613135663862316431
37336637363363396563666362326162303833353739346339303433613263373164356239353262
36323231643432306635663732343936323537663233393232366632636532663630663564626665
30383665303562313765623764396238393863666237366164313562626138356432386336303961
30333033376161323966313136643137646238623162643263353164336539313636333865663734
31663764666237386530653862323339366262653462306163333833366139393866656165363031
63373531393162363634346461646362633762653137626264623837343335653833386666303839
34643434396336356539356230306530343163636262633435666237663633363233353162626339
64386562666330613030616563346138623536393337656365616134656531666439623338633739
38306535653636393630663435386334653263653535336330343032653666373361353730333037
66656130616566613739666138353564346661376366346263393365356637353763303562633764
38306530323961613935623665356666346336343330623366363266633332646261336364666530
30623331373533626433393862356262336639306661333336363965373566643666643237643438
30323039326462363766366363316462646534613466343762343939656137306533353838333663
66333438353037316431313938613336373235376664313566636131346263623435623862616632
63643866376535313933306664396166626237616464613466636234373862383238646139356362
62356633336662653031356165343266353135616138326230656133306661626632373234323835
39613564353339386133626134623231383565346662363338396238373266323430666134626265
30333066363232656434623036316164303861343730633936306235666265393133623438643838
35383430656338376234393931376639376432336236373833636264376637363033386163626235
61366632303839313731343935363338336333366536656533313633646131616561326137623636
64663265653534386131646330303231376536316265663165383231386230386332383030346531
65363961613762383661373730613734323339353732306532363962316437343332393436666136
34353939313039363261383137333636343939363933396264663931386661386430393534383937
33316436613162323232393738373631326632633566333034383731373038336130313165663563
31343561396462373135393466633961613132663763366366393339343464666534313736626138
32636339306632623161373233383365333337393665666566613063363637383363323036353334
36396134616661623138346638663963666361303337666463663761326236333034303963306264
30373438323962326532343132323364386662366466386335323332663465393938353561343234
65626438383136616135393235303738656238303434663735333361356439366566653064643634
66343363313261303536643065313162613364396565366161653738623935313364383532643761
65386561333730393134613464613134363536383635363762373162396131373963623737626533
38346265626331623732356666356638306238303664356461643463333366303063326361613833
31343835633465356266356261353834376436643131653934396632613732363762393238303965
65633839383430373638663731626264343030303939393664363863343330383266326538396137
64616362343735306432613631623062313861643032336338303861306431323531396162316466
323966393338626439616261616661626662
