$ANSIBLE_VAULT;1.1;AES256
39613963323930336336376535306266346162333930376533343365386166666532366462653562
3461306164303531633939653163633533643031303133660a323032343839313732613932663964
36386538643836653436313833643064353566626131313538633063613139373939653564666263
6361376538313165360a343935616531643365396439376133363035623139656265383431613831
34366163393739383765303338376163396437326464373034306531383739366433346663623032
35313261376431363132336638653264636333333063623463396239363933633733353861373066
35643039323135333762653864393639316262616562383562363732636337343463663730316462
36393735396134636165353136353764383632313261356537343634366531656161666562643433
38366431326133356333356365643237633563373736653961616237346439386564356133616639
38303063363135326636323336333637626631393664396165326135313163363266333032616438
36393135616330313239613437356631303562393038326635333161376530653930323832373431
38666465316562393563343165346661623538316233326565383632333464356431376335366362
66316538306537333663366531303561393137316264316363316630396439303566373932313436
62646231326136393562613165343831666132333563346362616130643065343530623731623965
62343431636562346337393035366639636635363762343832366561393138623339653932663631
63343436373139393633616532663962633563393335663039633937363864336233636563313435
65363562323761393034396233376665336537313262356361643736336630376462636430376230
61643331613562326633376665616339376235376438313336386431633138303730316535373365
37353139646561643030363530326564343730376565313137336161316264356139353039663033
64623137353864383934626363626533316535353137363036356536376338373235303066366263
30663264333932663434633962646362653364363432333238303732613361303733363761656163
36626137643832396333343365613638356435373762623731643331646263613137393030366661
62386238343031393564393162373663633335356337636231643638373032366536316366366265
34386437326136333565613435326230653638666133636230363162396330643239376233393736
34633035353966376463393533653963333336643464383064653036306531353939613133643731
36303464343861346265653564353131623231353836663933613064633965393164653433353263
36373035383837633639393533613439376233303533643131643764386135653464326337306332
36326136643933633162316335356136383261643635366363356366613132626533646239313266
61623363663866333433656131353730653766373839653335313762343135616330393264616263
33376332336230333136643836663866336139303237386530343564623433323538326630643036
39376639393937653232313665356235326138663963653535623935336332396335656434383964
62396131326366623863643766326436626264356265343730376461653462333262623239396239
32653366373363383832653064303464653761363839353137653432396430363766303639623235
36343931383162343337363236366138656163653335383562303035343636343139323631363930
32643662353133663831346436333262653036343039633764613963376531646638303133303236
39393531356332613132353865383632333134643464316361306565313565323834653532393131
39333936643961373339613036363536356666336466393562393132376534623038323038646363
64666639643436333837656365396531613563613633663934333437383633336361336232313062
33663366373065396435343932376564633835323161343532306135353235613666306233646366
39356636633462376261316639343630613866653337326532656631313830633230396162613539
32643837353934353961316364343461326432316632346538643432613637373662323730323361
61353530666163643066313637333465383736653766623539333535613630653961616434333230
63333137613234616366333132613037623662333737393664303166623862646463333063343164
30643436663736373465363639396463633138393933386135653039316466313331303436653438
35336136643832303131363563666136633439666434336465646666373061333365336430373834
37363237343737336430333936646462386561626162646231396262363863643966376234613162
37626264353561316664383563656237326666393536366137666239313533353236613637663033
33383738386333313932363531363535633963626134636661336233663662313634373036626562
37386439663135383233383730313965623032613138343539636664613930306337346137373934
66646565646232653064626161373863373062383734653239396264653130316363386461663561
62633834616137343737363239653834336337643436623433626333386431643634333163356461
38666538316131303465643434313735333962613031333863343263333665393730393064353964
66633632383737363634376530353964633534363332303030326534313365393130323761376235
39396562346565613965333236366664613036623466313038383763386236346639353837653462
31363163383733643632353638643763383036326433303066336565333737316435356632353162
64623032623135656337353061643439633563613336653463313830343363613666373566316564
61663665393963336561626530636363383037323635636563373030373037313335396431366438
66353563653731326537653138303461313165303332613065323265316262316133323135396236
39376135343335343630643931313838303835643061346234333461653663363830393236653831
31303439643661323430333165646533653664353863336330356133633663656265353036386632
65386434383230336135356562333335666433666231393435623238653362313166373730663738
30346564333031353764366139323563323563383538373664303065313936393133393135646534
66383035636561323339396433313134326630323862633037653231343434313761646161383634
35363365356639393730376635383836663664343634373364393532343864316466326336373938
35656536336237626634386432326364343336306166313434353964633931666661316265656162
34643536663733666666303263383238396634363264663662383563643434623061393466633938
64363638323931616632373035323935363762366531663162623436363738623166613237363833
61336137376237633336636165623635613863613566356536616238633963653662333933663236
30343236366362623333306161633038336565383539636666393539313461333535626238636630
36313466653665386466613437376465356663333734363763616333383838353966613835356133
36663637623863613166616637616161343966643330663563666435616137613531623035386531
66616335656134653035333132636266666430333230353636616438643162323163613039313761
31626335636237396161633163653864386139376238386361343430373734303134666565393531
66313631306233353336616230666366653265656532626137323834656235373732383838336665
64383838373461616431623934316139366464303237363338303235326664363637373361376632
30386532353838343233653136343630626361336137616433636166656439313934653762313466
35343636326465343733653036383163363761363636393131343533383165373263336564396130
63343239353366313936356132383261393935306561616632366366653865653432343965393536
63656463626263376338373438386133633930373863653038346132633430393739326236656164
38663736633165356139393036333138373932306431663132643633393763323961646139646239
33643461346538663961663064626561316537363738393964666636646562346337383730623763
38653463306362613039353464316534323565376135373432393039643938326237373361303364
30343430323739383836633664353765316666623562623634633431343736613035366365636432
63313164356430383964353761636139343564353261633165623538643666323839336264313831
61323032653830373065653836633331616236316662363139393762336331623636626533636263
30666230626534656365623130653562383032356432343937326430663532373038663563356361
63346665313665306162646138623536643231356361633562343061393232366530303032353862
66313366653036383164306335623766666564383031666230383536643634376337346436313865
38613962336462353863306365613565643361646635333433666539663633646661666433616637
33623237336234383133303865353730656131336234386365613161613435623735313762643033
626565376533303434656162316637626433
